00111100
00011110
00000000
00000011
10101100
00011110
00000000
00000000
10101100
00111110
00000000
00000000
10101100
00111110
00000000
00000001
10001100
00011110
00000000
00000000
10101111
11000000
00000000
00000000
00000011
11000001
11110000
00100000
10101111
11000000
00000000
00000000
00000011
11000001
11110000
00100000
10101111
11000000
00000000
00000000
00000011
11000001
11110000
00100000
10101100
00011110
00000000
00000000
10001100
00111101
00000000
00000000
10001111
10111110
00000000
00000000
10001100
00011101
00000000
00000000
10101111
10111110
00000000
00000000
00000011
10100001
11101000
00100000
10101100
00011101
00000000
00000000
10001100
00111101
00000000
00000000
10001111
10111110
00000000
00000010
10001100
00011101
00000000
00000000
10101111
10111110
00000000
00000000
00000011
10100001
11101000
00100000
10101100
00011101
00000000
00000000
10001100
00011110
00000000
00000000
00100011
11011110
11111111
11111111
10001111
11011101
00000000
00000000
00100011
11011110
11111111
11111111
10001111
11011100
00000000
00000000
00000011
10011101
11100000
00101011
10101111
11011100
00000000
00000000
00000011
11000001
11110000
00100000
10101100
00011110
00000000
00000000
10001100
00011110
00000000
00000000
00100011
11011110
11111111
11111111
10101100
00011110
00000000
00000000
10001111
11000010
00000000
00000000
10001100
00011110
00000000
00000000
10101111
11011111
00000000
00000000
00000011
11000001
11110000
00100000
10001100
00111101
00000000
00000000
10101111
11011101
00000000
00000000
00000011
11000001
11110000
00100000
10001100
00111101
00000000
00000001
10101111
11011101
00000000
00000000
00000011
11000001
11110000
00100000
00100011
11011101
11111111
11111101
10101100
00111101
00000000
00000001
10101100
00111110
00000000
00000000
00001100
00000000
00000000
00110110
10001100
00011110
00000000
00000000
00100011
11011110
11111111
11111111
10101100
00011110
00000000
00000000
10001111
11000010
00000000
00000000
00001000
00000000
00000000
00110110
