00111100
00011110
00000000
00000011
10101100
00011110
00000000
00000000
10101100
00111110
00000000
00000000
10101100
00111110
00000000
00000001
00111100
00011110
01000000
00000101
10101100
00011110
01000000
00000100
10001100
00011110
00000000
00000000
10101111
11000000
00000000
00000000
00000011
11000001
11110000
00100000
10101111
11000000
00000000
00000000
00000011
11000001
11110000
00100000
10101111
11000000
00000000
00000000
00000011
11000001
11110000
00100000
10101100
00011110
00000000
00000000
00111100
00011110
00000000
00000001
10001100
00011101
00000000
00000000
10101111
10111110
00000000
00000000
00000011
10100001
11101000
00100000
10101100
00011101
00000000
00000000
10001100
00011110
00000000
00000000
00100011
11011110
11111111
11111111
10101100
00011110
00000000
00000000
10001111
11011101
00000000
00000000
10001100
00111110
00000000
00000000
10101111
11011101
00000000
00000000
00111100
00011110
00000000
00000011
10001100
00011101
00000000
00000000
10101111
10111110
00000000
00000000
00000011
10100001
11101000
00100000
10101100
00011101
00000000
00000000
10001100
00011110
00000000
00000000
00100011
11011110
11111111
11111111
10101100
00011110
00000000
00000000
10001111
11011101
00000000
00000000
10001100
00111110
00000000
00000000
10101111
11011101
00000000
00000001
00111100
00011110
00000000
00000010
10001100
00011101
00000000
00000000
10101111
10111110
00000000
00000000
00000011
10100001
11101000
00100000
10101100
00011101
00000000
00000000
10001100
00011110
00000000
00000000
00100011
11011110
11111111
11111111
10101100
00011110
00000000
00000000
10001111
11011101
00000000
00000000
10001100
00111110
00000000
00000000
10101111
11011101
00000000
00000010
10001100
00111101
00000000
00000000
10001111
10111110
00000000
00000000
10001100
00011101
00000000
00000000
10101111
10111110
00000000
00000000
00000011
10100001
11101000
00100000
10101100
00011101
00000000
00000000
10001100
00011110
00000000
00000000
00100011
11011110
11111111
11111111
10101100
00011110
00000000
00000000
10001111
11011101
00000000
00000000
10001100
00111110
00000000
00000000
10101111
11011101
00000000
00000010
10001100
00111101
00000000
00000000
10001111
10111110
00000000
00000000
10001100
00011101
00000000
00000000
10101111
10111110
00000000
00000000
00000011
10100001
11101000
00100000
10101100
00011101
00000000
00000000
10001100
00111101
00000000
00000000
10001111
10111110
00000000
00000001
10001100
00011101
00000000
00000000
10101111
10111110
00000000
00000000
00000011
10100001
11101000
00100000
10101100
00011101
00000000
00000000
10001100
00011110
00000000
00000000
00100011
11011110
11111111
11111111
10001111
11011101
00000000
00000000
00100011
11011110
11111111
11111111
10001111
11011100
00000000
00000000
00000011
10011101
11100000
00101011
10101111
11011100
00000000
00000000
00000011
11000001
11110000
00100000
10101100
00011110
00000000
00000000
10001100
00011110
00000000
00000000
00100011
11011110
11111111
11111111
10101100
00011110
00000000
00000000
10001111
11000011
00000000
00000000
10001100
00011110
00000000
00000000
10101111
11000011
00000000
00000000
00000011
11000001
11110000
00100000
10101100
00011110
00000000
00000000
10001100
00011110
00000000
00000000
00100011
11011110
11111111
11111111
10001111
11011101
00000000
00000000
00010011
10100001
00000000
01011111
10001100
00111101
00000000
00000000
10001111
10111110
00000000
00000000
10001100
00011101
00000000
00000000
10101111
10111110
00000000
00000000
00000011
10100001
11101000
00100000
10101100
00011101
00000000
00000000
10001100
00111101
00000000
00000000
10001111
10111110
00000000
00000010
10001100
00011101
00000000
00000000
10101111
10111110
00000000
00000000
00000011
10100001
11101000
00100000
10101100
00011101
00000000
00000000
10001100
00011110
00000000
00000000
10101111
11011111
00000000
00000000
00000011
11000001
11110000
00100000
10001100
00111101
00000000
00000000
10101111
11011101
00000000
00000000
00000011
11000001
11110000
00100000
10001100
00111101
00000000
00000001
10101111
11011101
00000000
00000000
00000011
11000001
11110000
00100000
00100011
11011101
11111111
11111011
10101100
00111101
00000000
00000001
10101100
00011110
00000000
00000000
10101100
00111110
00000000
00000000
10001100
00011110
01000000
00000100
10101111
11000010
00000000
00000000
00000011
11000001
11110000
00100000
10101111
11000011
00000000
00000000
00000011
11000001
11110000
00100000
10101111
11000100
00000000
00000000
00000011
11000001
11110000
00100000
10101111
11000101
00000000
00000000
00000011
11000001
11110000
00100000
10101111
11000110
00000000
00000000
00000011
11000001
11110000
00100000
10101111
11000111
00000000
00000000
00000011
11000001
11110000
00100000
10101111
11001000
00000000
00000000
00000011
11000001
11110000
00100000
10101111
11001001
00000000
00000000
00000011
11000001
11110000
00100000
10101111
11001010
00000000
00000000
00000011
11000001
11110000
00100000
10101111
11001011
00000000
00000000
00000011
11000001
11110000
00100000
10101111
11001100
00000000
00000000
00000011
11000001
11110000
00100000
10101111
11001101
00000000
00000000
00000011
11000001
11110000
00100000
10101111
11001110
00000000
00000000
00000011
11000001
11110000
00100000
10101111
11001111
00000000
00000000
00000011
11000001
11110000
00100000
10101111
11010000
00000000
00000000
00000011
11000001
11110000
00100000
10101111
11010001
00000000
00000000
00000011
11000001
11110000
00100000
10101111
11010010
00000000
00000000
00000011
11000001
11110000
00100000
10101111
11010011
00000000
00000000
00000011
11000001
11110000
00100000
10101111
11010100
00000000
00000000
00000011
11000001
11110000
00100000
10101111
11010101
00000000
00000000
00000011
11000001
11110000
00100000
10101111
11010110
00000000
00000000
00000011
11000001
11110000
00100000
10101111
11010111
00000000
00000000
00000011
11000001
11110000
00100000
10101111
11011000
00000000
00000000
00000011
11000001
11110000
00100000
10101111
11011001
00000000
00000000
00000011
11000001
11110000
00100000
10101111
11011010
00000000
00000000
00000011
11000001
11110000
00100000
10101111
11011011
00000000
00000000
00000011
11000001
11110000
00100000
10101100
00011110
01000000
00000100
00001100
00000000
00000001
00011001
10001100
00011110
00000000
00000000
00100011
11011110
11111111
11111111
10101100
00011110
00000000
00000000
10001111
11000111
00000000
00000000
10001100
00011110
00000000
00000000
10101111
11000111
00000000
00000000
00000011
11000001
11110000
00100000
10101100
00011110
00000000
00000000
10001100
00011110
00000000
00000000
00100011
11011110
11111111
11111111
10101100
00011110
00000000
00000000
10001111
11011101
00000000
00000000
10001100
00111110
00000000
00000000
10101111
11011101
00000000
00000000
00001000
00000000
00000001
00011000
10001100
00111101
00000000
00000000
10001111
10111110
00000000
00000000
10001100
00011101
00000000
00000000
10101111
10111110
00000000
00000000
00000011
10100001
11101000
00100000
10101100
00011101
00000000
00000000
10001100
00111101
00000000
00000000
10001111
10111110
00000000
00000001
10001100
00011101
00000000
00000000
10101111
10111110
00000000
00000000
00000011
10100001
11101000
00100000
10101100
00011101
00000000
00000000
10001100
00011110
00000000
00000000
00100011
11011110
11111111
11111111
10001111
11011101
00000000
00000000
00100011
11011110
11111111
11111111
10001111
11011100
00000000
00000000
00000011
10011101
11100000
00100000
10101111
11011100
00000000
00000000
00000011
11000001
11110000
00100000
10101100
00011110
00000000
00000000
10001100
00011110
00000000
00000000
00100011
11011110
11111111
11111111
10101100
00011110
00000000
00000000
10001111
11000100
00000000
00000000
10001100
00011110
00000000
00000000
10101111
11000100
00000000
00000000
00000011
11000001
11110000
00100000
10101100
00011110
00000000
00000000
10001100
00011110
00000000
00000000
00100011
11011110
11111111
11111111
10101100
00011110
00000000
00000000
10001111
11011101
00000000
00000000
10001100
00111110
00000000
00000000
10101111
11011101
00000000
00000000
10001100
00111101
00000000
00000000
10001111
10111110
00000000
00000001
10001100
00011101
00000000
00000000
10101111
10111110
00000000
00000000
00000011
10100001
11101000
00100000
10101100
00011101
00000000
00000000
10001100
00111101
00000000
00000000
10001111
10111110
00000000
00000010
10001100
00011101
00000000
00000000
10101111
10111110
00000000
00000000
00000011
10100001
11101000
00100000
10101100
00011101
00000000
00000000
10001100
00011110
00000000
00000000
00100011
11011110
11111111
11111111
10001111
11011101
00000000
00000000
00100011
11011110
11111111
11111111
10001111
11011100
00000000
00000000
00000011
10011101
11100000
00100000
10101111
11011100
00000000
00000000
00000011
11000001
11110000
00100000
10101100
00011110
00000000
00000000
10001100
00011110
00000000
00000000
00100011
11011110
11111111
11111111
10101100
00011110
00000000
00000000
10001111
11000101
00000000
00000000
10001100
00011110
00000000
00000000
10101111
11000101
00000000
00000000
00000011
11000001
11110000
00100000
10101100
00011110
00000000
00000000
10001100
00111101
00000000
00000000
10001111
10111110
00000000
00000000
10001100
00011101
00000000
00000000
10101111
10111110
00000000
00000000
00000011
10100001
11101000
00100000
10101100
00011101
00000000
00000000
10001100
00011110
00000000
00000000
00100011
11011110
11111111
11111111
10001111
11011101
00000000
00000000
00100011
11011110
11111111
11111111
10001111
11011100
00000000
00000000
00000011
10011101
11100000
00100010
10101111
11011100
00000000
00000000
00000011
11000001
11110000
00100000
10101100
00011110
00000000
00000000
10001100
00011110
00000000
00000000
00100011
11011110
11111111
11111111
10101100
00011110
00000000
00000000
10001111
11000110
00000000
00000000
10001100
00011110
00000000
00000000
10101111
11000110
00000000
00000000
00000011
11000001
11110000
00100000
10101100
00011110
00000000
00000000
10001100
00011110
00000000
00000000
00100011
11011110
11111111
11111111
10101100
00011110
00000000
00000000
10001111
11011101
00000000
00000000
10001100
00111110
00000000
00000000
10101111
11011101
00000000
00000001
00001000
00000000
00000001
00011000
10001100
00111101
00000000
00000001
10001111
10111110
00000000
00000000
10001100
00011101
00000000
00000000
10101111
10111110
00000000
00000000
00000011
10100001
11101000
00100000
10101100
00011101
00000000
00000000
10001100
00111101
00000000
00000001
10001111
10111110
00000000
00000001
10001100
00011101
00000000
00000000
10101111
10111110
00000000
00000000
00000011
10100001
11101000
00100000
10101100
00011101
00000000
00000000
10001100
00011110
00000000
00000000
00100011
11011110
11111111
11111111
10001111
11011101
00000000
00000000
00100011
11011110
11111111
11111111
10001111
11011100
00000000
00000000
00000011
10011101
11100000
00100000
10101111
11011100
00000000
00000000
00000011
11000001
11110000
00100000
10101100
00011110
00000000
00000000
10001100
00011110
00000000
00000000
00100011
11011110
11111111
11111111
10101100
00011110
00000000
00000000
10001111
11000010
00000000
00000000
10001100
00011110
00000000
00000000
10101111
11000010
00000000
00000000
00000011
11000001
11110000
00100000
10101100
00011110
00000000
00000000
10001100
00111110
00000000
00000000
00000011
11100000
11100000
00100000
00100011
11011111
11111111
11111101
10001111
11111111
00000000
00000000
10001100
00011101
00000000
00000000
00100011
10111101
11111111
11111111
10001111
10111101
00000000
00000000
10001100
00111110
00000000
00000001
10101111
11011101
00000000
00000000
00000011
11000001
11110000
00100000
10101100
00011110
00000000
00000000
10001100
00111110
00000000
00000000
00100011
11011110
11111111
11111111
10001111
11011101
00000000
00000000
10101100
00111101
00000000
00000001
00100011
11011110
11111111
11111111
10001111
11011101
00000000
00000000
10101100
00111101
00000000
00000000
10001100
00011110
01000000
00000100
00100011
11011110
11111111
11111111
10001111
11011011
00000000
00000000
00100011
11011110
11111111
11111111
10001111
11011010
00000000
00000000
00100011
11011110
11111111
11111111
10001111
11011001
00000000
00000000
00100011
11011110
11111111
11111111
10001111
11011000
00000000
00000000
00100011
11011110
11111111
11111111
10001111
11010111
00000000
00000000
00100011
11011110
11111111
11111111
10001111
11010110
00000000
00000000
00100011
11011110
11111111
11111111
10001111
11010101
00000000
00000000
00100011
11011110
11111111
11111111
10001111
11010100
00000000
00000000
00100011
11011110
11111111
11111111
10001111
11010011
00000000
00000000
00100011
11011110
11111111
11111111
10001111
11010010
00000000
00000000
00100011
11011110
11111111
11111111
10001111
11010001
00000000
00000000
00100011
11011110
11111111
11111111
10001111
11010000
00000000
00000000
00100011
11011110
11111111
11111111
10001111
11001111
00000000
00000000
00100011
11011110
11111111
11111111
10001111
11001110
00000000
00000000
00100011
11011110
11111111
11111111
10001111
11001101
00000000
00000000
00100011
11011110
11111111
11111111
10001111
11001100
00000000
00000000
00100011
11011110
11111111
11111111
10001111
11001011
00000000
00000000
00100011
11011110
11111111
11111111
10001111
11001010
00000000
00000000
00100011
11011110
11111111
11111111
10001111
11001001
00000000
00000000
00100011
11011110
11111111
11111111
10001111
11001000
00000000
00000000
00100011
11011110
11111111
11111111
10001111
11000111
00000000
00000000
00100011
11011110
11111111
11111111
10001111
11000110
00000000
00000000
00100011
11011110
11111111
11111111
10001111
11000101
00000000
00000000
00100011
11011110
11111111
11111111
10001111
11000100
00000000
00000000
00100011
11011110
11111111
11111111
10001111
11000011
00000000
00000000
00100011
11011110
11111111
11111111
10001111
11000010
00000000
00000000
10101100
00011110
01000000
00000100
00000011
10000000
00000000
00001000
